250
96.08391010532851 30.754513373108907
67.49456282544647 40.436744006651594
26.162253800521363 89.46300847318145
75.7704181619061 76.59378240101347
32.725676875726485 11.006405190268143
69.95218501949122 77.13387440754008
69.92948140842367 30.358403776691954
77.50133186020209 29.248512937698635
63.071583579004894 46.086843801081
2.5081377707370955 51.347165074284526
53.4483232465011 4.87497048399701
68.60187852448064 92.45150704684335
77.75666565413361 52.132795545068575
91.99607962981902 41.522842157172846
19.435973113670933 1.5458665735619603
22.69676112572977 91.22040576869651
18.26828465128677 63.615749289075374
98.63995888036827 58.1077289410007
14.106916889368271 26.07858079029629
54.88798502302511 34.46883540546113
30.778850142035786 97.54508108066535
18.002276304770614 35.665523079213315
77.00725622335598 9.78742524115751
94.32385938605927 11.361560680629557
52.6262549848877 23.80544366721402
30.130835641654752 8.95911405450721
0.4107667097850487 0.13660464915201675
81.50551530798231 13.237272432354995
36.52012441163982 74.83131063626264
82.2320964498176 37.45210200702841
25.85488060420782 29.097026480234
39.15913448567849 8.052108583383422
42.55203341673077 52.82181871627441
16.199269797795633 67.68262430953654
70.39466828571857 80.01993606386212
90.50195456714741 19.29706561712755
53.087796640349396 17.699001485513556
77.32328117954333 47.962623463523116
0.15296605461444512 98.73054762723767
23.730193634108254 86.34241196839433
90.61996213068169 64.01255579301339
65.51471052804789 34.85568132210493
93.74476991629295 19.544738227648562
26.55705007152066 8.162216599922
43.658646703669845 19.99429597917296
15.3648419229797 55.8865405476939
63.15403772637247 1.911997109626773
39.628846531392995 97.39214813166367
30.73880479758658 26.965341087458672
16.373960431355904 17.935442035554406
24.640976879442753 98.38769523616892
2.6474869085584274 96.67363469717374
57.62210504864351 82.29926391549847
9.674998129936185 75.77039846619161
37.258008345205674 99.63783548323157
92.02734346456374 34.23753318851121
47.77149530906609 54.14422698047744
22.580682394547267 0.17053793308814402
51.552477528890506 27.179402635989014
73.91467670718369 20.68041818058437
51.176587865544334 1.107308170090049
27.282268388487907 10.09363557355838
36.03426625185938 69.55941779671068
21.397740179434777 13.88664143152476
61.60802679082037 55.10410001354488
35.02804534305544 58.34095299313466
73.98641283713187 82.67586924186826
69.73568394147215 4.049243192750418
97.37891032673541 50.57670711278083
62.10966652484926 85.17252352782228
48.19689236057029 99.94356994909111
8.434376861746905 95.74288634187428
25.691436937019564 8.283294958789778
28.984490247718252 79.32600238957956
56.18964542600312 23.008156299889915
33.997280127259 89.00189829740785
35.646866554598745 6.862282635708617
78.86203025278112 10.892208563488758
23.533012740434557 88.71127594359218
12.17949283434111 86.35658800312575
89.99694703525043 0.37431997158839936
27.08262309317455 25.50046781621962
7.803678003720815 33.01013536998484
23.573105795098904 77.78092219598304
10.714912988601967 65.02518261669671
77.61648311758975 14.266909761283253
10.784262232757925 97.55450956534561
91.35195983402721 80.50470365853533
78.46420178289665 83.27269655099691
68.0112266122203 98.95882610550389
41.47267724996816 49.624365672906514
15.003976747423998 35.64339005899163
51.04298420876645 98.5208068752087
29.11600812803361 96.82821098470993
97.48138071107176 11.13117993563193
58.879142063786226 88.59865063130816
30.882656833610888 98.60395379609966
70.91040643234344 54.567625530800235
57.40463816675687 17.38611995892191
69.38130405251948 5.182804513860084
36.67842556931751 11.264837132799933
30.766153192705737 65.84149342208431
1.7319352782924624 51.33819317780682
19.631882275248223 0.4202715267114576
59.23007011545276 19.828724059150716
45.469857478334475 11.845973284342426
4.88565834768413 23.98549258805088
5.433638951187825 81.97912779701453
6.571064249200431 32.27741046614294
33.33485271467252 89.35050053840115
65.96116020538551 96.66265627194987
41.36261313638783 35.18593054017142
68.46413044830564 61.925967562657405
97.73025286614683 15.674161698005996
70.74735271296497 65.90768146399529
30.81635534208832 1.5769185623921933
55.34139264243036 2.9054012348977754
88.35539738186525 25.050003399540987
2.6059302577534416 56.61120000143561
8.846591649263013 27.938708833857152
91.76721228470134 8.654328215579522
81.58776348364559 95.83040265953238
44.78738114309208 94.15136112031327
81.60443333790741 87.79162177514918
69.50188271472723 6.622839051575779
66.23250223433449 72.9866222481698
41.76185772359311 51.21742024636914
11.22625885297145 2.268759331454462
90.24424688829782 7.391610942889759
46.00169708237401 75.35570077158181
12.143106147458116 90.0251909172644
19.988393811249527 12.343957301326336
53.13142462091363 91.409456087874
95.05150802609639 2.0877484519773337
30.78350345846711 45.627450289872804
12.558724066766358 79.36175164073002
67.07372559622924 81.55238425378548
27.90526805620828 77.74684513704726
22.618379822882805 21.02245313391885
40.17334295205522 15.822448171666338
93.0028947984816 34.70733764044829
70.09072258709286 0.5185988617507742
35.83772802312192 89.76366041193425
55.56638335908658 73.37547192393704
46.11182547957354 10.583705813377742
40.81948375079778 82.97753094650054
86.96344147559299 26.773809779660162
32.481143972882066 39.97406840301462
13.163836400993334 0.9557303453633703
84.03686269718908 99.8674018342254
95.41016726833307 13.066472104828343
48.590640205004355 23.144527797172586
64.94966261734412 27.53897772338021
9.170165930242135 82.34759522155107
50.107960924384706 85.07818483060387
55.655709256525576 21.32302006305865
68.97027665823144 41.70393726070428
27.90363745040123 23.158697783377225
75.76481225021003 24.31431596737753
85.74877825098079 10.213190296182805
32.423661808134426 84.22992480627504
98.30809324490187 82.16038981091732
91.34718948700616 8.011775616222305
67.37143753289646 96.117629892651
30.573667006995986 88.30237506821321
12.653457463135265 6.694774376724899
78.35673892450234 66.52168931962514
50.29394222850348 13.196349811816631
0.5790643260994988 33.956690677549815
90.2322609750526 6.228277483107725
1.4812402564451599 18.115185160537052
62.94475063661209 66.60537666158697
5.860942267257629 87.17172708378428
61.522258750565996 45.72522371065413
49.19795409229422 76.9153664370436
51.17825011340618 48.46860760181134
1.0865491343582279 81.81607321268892
55.01627965706625 47.206244410188525
86.90749990229554 54.65868069328528
72.24876933337984 78.63603659184982
52.8477174901187 27.65023901547424
23.04745095691102 13.944611779009664
40.176358342145924 1.9887070150397035
42.819023864883356 47.18148276234251
96.11198767238417 52.5878733318874
67.93788949531962 16.75364319874173
50.66616082133132 59.98557907611824
64.83110809860432 60.59295951431055
31.524587459853095 12.41914033269359
54.79901303639952 6.818295252683693
72.3278475953654 17.63410682218177
78.06815588053536 18.608762226486565
93.6393195513978 26.199374238822582
22.311597265352713 44.52406870318736
0.4388728922307905 95.93375392842533
13.234805984554054 73.65247203359215
45.15657876891537 20.506163679429832
27.81367901546532 58.73635204258806
51.06152568726202 4.353576386046242
44.38458807064383 49.81993940035758
77.24654543246974 90.76793695738051
88.02445433472835 75.98333905432169
33.500533460901835 40.33526966819014
64.52236302870716 23.371398015343058
21.035710507493 12.867236092251023
1.7322831265636163 83.99562788118428
83.33805555153081 27.547427595115657
33.20992813859379 91.68182711859515
0.334867634715863 63.2217412236013
65.77493631351602 19.05562735161319
48.624190969492766 13.594143212936727
70.0029261617014 82.60270459155919
80.68667474347325 30.546247400715774
20.640198003444187 91.60992648971981
46.80112889119934 72.88109727399255
92.54717997064235 81.18824880671363
94.81092408434529 27.498624794185776
87.01496382247696 89.59769559048239
34.93907191484305 85.34222216489499
23.162576186114936 75.7392863499408
49.525655419275736 35.41298000175056
79.61092926781626 23.948309803557677
60.862052100963105 86.7300995362904
12.742612721949943 50.11788608140911
44.22218489496148 40.32306960033728
9.595045752499054 5.701264352178049
87.74175125294202 11.173196616720748
55.79775680427094 74.28585566978828
55.972270019331596 43.4791411484077
11.952807647818009 69.20153284251556
9.737478988290105 71.70308530851828
95.47072911079711 70.02024181063061
71.34543036778739 54.56129674897756
59.11254874057191 80.82350559026308
1.2604148403891013 49.454736382131536
42.351819618033915 53.75896975181678
70.01462730268672 0.7925268102681349
47.158825566948714 97.67659310964669
67.44024335463654 87.24305298338423
55.92239625092176 83.52971788835782
90.22839311325956 10.154505389065548
65.96307721608272 65.7456667093483
88.3722921439519 8.218742475587693
62.454697766584985 61.915181675903106
31.227525687645063 51.90932083077953
89.55959063631536 71.91941910537841
74.72333837543148 5.306657303395568
8.196063771112883 72.00783678134928
72.68450692452065 42.630215954941875
48.09500350551016 89.35980730962314
